[vehicle]
mass = 0.6499999761581421
linear_drag = 0.10000000149011612
angular_drag = 0.004999999888241291
motor_tau = 0.05000000074505806
motor_coords = [[-0.08250000327825546, 0.11249999701976776, 0.0], [0.08250000327825546, 0.11249999701976776, 0.0], [-0.08250000327825546, -0.11249999701976776, 0.0], [0.08250000327825546, -0.11249999701976776, 0.0]]
inertia = [0.0012000000569969416, 0.0012000000569969416, 0.0012000000569969416]
thrust_lut = [[0.0, 0.0], [600.0, 1.062999963760376], [2047.0, 7.482999801635742]]

[accelerometer]
noise = [0.019999999552965164, 0.019999999552965164, 0.019999999552965164]
bias = [0.0, 0.0, 0.0]
warp = [[1.0, 0.0, 0.0], [0.0, 1.0, 0.0], [0.0, 0.0, 1.0]]

[gyroscope]
noise = [0.019999999552965164, 0.019999999552965164, 0.019999999552965164]
bias = [0.0, 0.0, 0.0]
warp = [[1.0, 0.0, 0.0], [0.0, 1.0, 0.0], [0.0, 0.0, 1.0]]
